Existing optimizers vs the network on the perturbation sweep: 50 voxels x 10 radii x 20 directions; MC / Adam on the first 20 directions per radius, GN / Huber GN on all.
Error = angle (deg) between the result and the true orientation, over the cases where the net could run at pass 1 (the same cases for every column). Net columns: seed means (2 seeds) from perturbation_sweep_summary.json. 'x3' = iterated with re-centring.
MC is told r (search box 1.5 r); the net is not.

=== clean data ===
-- median error (deg)
    r     n                   MC                 Adam                   GN                GN x3                Huber             Huber x3   net clean one-shot         net clean x3 net realistic one-shot     net realistic x3
 0.05  1000               0.0274               0.1341               0.0130               0.0127               0.0123               0.0126               0.0125               0.0124               0.0122               0.0121
  0.1  1000               0.0573               0.1330               0.0128               0.0127               0.0123               0.0126               0.0125               0.0124               0.0131               0.0121
 0.25  1000               0.1364               0.1194               0.0122               0.0127               0.0120               0.0126               0.0123               0.0124               0.0137               0.0121
  0.5  1000               0.2877               0.1449               0.0127               0.0127               0.0118               0.0126               0.0116               0.0124               0.0156               0.0121
 0.75  1000               0.4242               0.2347               0.0130               0.0127               0.0123               0.0126               0.0122               0.0124               0.0177               0.0121
    1  1000               0.6082               0.3440               0.0135               0.0127               0.0122               0.0126               0.0130               0.0124               0.0208               0.0121
  1.5  1000               1.1106               0.5749               0.0217               0.0127               0.0149               0.0126               0.0194               0.0125               0.0281               0.0122
    2  1000               1.6378               0.8753               0.0328               0.0127               0.0202               0.0126               0.0303               0.0125               0.0382               0.0121
    3  1000               2.2625               2.1652               0.0641               0.0127               0.0406               0.0126               0.0606               0.0125               0.0662               0.0121
    5   940               4.5003               4.8025               0.1274               0.0122               0.0868               0.0123               0.1680               0.0125               0.2726               0.0120

-- RMS error (deg)
    r     n                   MC                 Adam                   GN                GN x3                Huber             Huber x3   net clean one-shot         net clean x3 net realistic one-shot     net realistic x3
 0.05  1000               0.0333               0.1988               0.0180               0.0180               0.0206               0.0205               0.0199               0.0195               0.0204               0.0212
  0.1  1000               0.0693               0.1876               0.0180               0.0180               0.0205               0.0205               0.0199               0.0195               0.0212               0.0212
 0.25  1000               0.1653               0.1558               0.0180               0.0180               0.0205               0.0205               0.0198               0.0195               0.0224               0.0212
  0.5  1000               0.3399               0.1941               0.0181               0.0180               0.0205               0.0205               0.0190               0.0195               0.0244               0.0212
 0.75  1000               0.5424               0.2949               0.0185               0.0180               0.0209               0.0205               0.0193               0.0195               0.0278               0.0212
    1  1000               0.8174               0.4103               0.0189               0.0180               0.0208               0.0205               0.0202               0.0195               0.0314               0.0212
  1.5  1000               1.4757               0.6633               0.0266               0.0180               0.0231               0.0205               0.0292               0.0195               0.0388               0.0212
    2  1000               1.9913               1.0003               0.0420               0.0180               0.0313               0.0205               0.0431               0.0195               0.0495               0.0212
    3  1000               2.9248               2.2447               0.0829               0.0180               0.0585               0.0205               0.0822               0.0195               0.0818               0.0212
    5   940               5.5808               4.7522               0.1634               0.0181               0.1144               0.0208               0.2386               0.0198               0.3898               0.0212

-- fraction of cases < 0.1 deg
    r     n                   MC                 Adam                   GN                GN x3                Huber             Huber x3   net clean one-shot         net clean x3 net realistic one-shot     net realistic x3
 0.05  1000                1.000                0.321                1.000                1.000                1.000                1.000                1.000                1.000                1.000                1.000
  0.1  1000                0.870                0.349                1.000                1.000                1.000                1.000                1.000                1.000                1.000                1.000
 0.25  1000                0.329                0.402                1.000                1.000                1.000                1.000                1.000                1.000                1.000                1.000
  0.5  1000                0.095                0.246                1.000                1.000                1.000                1.000                1.000                1.000                1.000                1.000
 0.75  1000                0.055                0.121                1.000                1.000                1.000                1.000                1.000                1.000                0.999                1.000
    1  1000                0.053                0.092                1.000                1.000                1.000                1.000                1.000                1.000                0.991                1.000
  1.5  1000                0.034                0.000                1.000                1.000                0.998                1.000                0.999                1.000                0.984                1.000
    2  1000                0.026                0.000                0.995                1.000                0.996                1.000                0.976                1.000                0.969                1.000
    3  1000                0.029                0.000                0.786                1.000                0.929                1.000                0.800                1.000                0.788                1.000
    5   940                0.021                0.000                0.336                1.000                0.599                1.000                0.196                1.000                0.103                1.000

-- fraction improved (error < r)
    r     n                   MC                 Adam                   GN                GN x3                Huber             Huber x3   net clean one-shot         net clean x3 net realistic one-shot     net realistic x3
 0.05  1000                0.886                0.038                0.992                1.000                0.980                0.980                0.980                0.980                0.962                0.960
  0.1  1000                0.870                0.349                1.000                1.000                1.000                1.000                1.000                1.000                1.000                1.000
 0.25  1000                0.885                0.917                1.000                1.000                1.000                1.000                1.000                1.000                1.000                1.000
  0.5  1000                0.886                0.998                1.000                1.000                1.000                1.000                1.000                1.000                1.000                1.000
 0.75  1000                0.859                0.999                1.000                1.000                1.000                1.000                1.000                1.000                1.000                1.000
    1  1000                0.770                1.000                1.000                1.000                1.000                1.000                1.000                1.000                1.000                1.000
  1.5  1000                0.646                1.000                1.000                1.000                1.000                1.000                1.000                1.000                1.000                1.000
    2  1000                0.634                0.999                1.000                1.000                1.000                1.000                1.000                1.000                1.000                1.000
    3  1000                0.658                0.978                1.000                1.000                1.000                1.000                1.000                1.000                1.000                1.000
    5   940                0.584                0.931                1.000                1.000                1.000                1.000                1.000                1.000                1.000                1.000

-- median runtime per case (s), data preparation excluded (GN x3: cumulative)
    r        MC      Adam        GN     GN x3     Huber  Huber x3
 0.05     2.371     0.300     0.006     0.019     0.023     0.035
  0.1     2.375     0.303     0.007     0.020     0.024     0.036
 0.25     2.383     0.301     0.008     0.021     0.025     0.039
  0.5     2.375     0.302     0.008     0.021     0.026     0.041
 0.75     2.374     0.301     0.008     0.021     0.025     0.045
    1     2.383     0.305     0.008     0.022     0.025     0.048
  1.5     2.375     0.307     0.008     0.021     0.026     0.052
    2     2.424     0.308     0.008     0.022     0.026     0.054
    3     2.444     0.307     0.008     0.022     0.027     0.057
    5     2.451     0.309     0.009     0.023     0.028     0.060

-- paired: fraction of identical cases where the realistic-trained net (x3) has the smaller error (seed mean; per seed in the JSON)
    r        MC      Adam        GN     GN x3     Huber  Huber x3
 0.05     0.760     0.988     0.474     0.480     0.484     0.490
  0.1     0.905     0.982     0.471     0.482     0.478     0.490
 0.25     0.970     0.988     0.470     0.480     0.478     0.489
  0.5     0.990     0.996     0.473     0.480     0.466     0.486
 0.75     0.994     0.998     0.491     0.481     0.478     0.488
    1     0.990     0.999     0.499     0.481     0.469     0.483
  1.5     0.992     1.000     0.681     0.484     0.568     0.485
    2     0.992     1.000     0.827     0.489     0.696     0.489
    3     0.996     1.000     0.924     0.488     0.842     0.488
    5     0.994     1.000     0.985     0.481     0.965     0.494

-- paired: fraction of identical cases where the realistic-trained net (one-shot) has the smaller error (seed mean; per seed in the JSON)
    r        MC      Adam        GN     GN x3     Huber  Huber x3
 0.05     0.778     0.992     0.463     0.468     0.503     0.503
  0.1     0.901     0.990     0.443     0.449     0.485     0.490
 0.25     0.964     0.988     0.414     0.419     0.429     0.439
  0.5     0.988     0.993     0.377     0.382     0.387     0.406
 0.75     0.993     0.994     0.347     0.331     0.321     0.326
    1     0.984     0.998     0.296     0.267     0.259     0.267
  1.5     0.990     1.000     0.361     0.192     0.243     0.185
    2     0.982     1.000     0.420     0.103     0.237     0.104
    3     0.976     1.000     0.475     0.022     0.280     0.029
    5     0.938     1.000     0.204     0.001     0.114     0.003

-- paired: fraction of identical cases where the clean-trained net (x3) has the smaller error (seed mean; per seed in the JSON)
    r        MC      Adam        GN     GN x3     Huber  Huber x3
 0.05     0.759     1.000     0.507     0.510     0.520     0.520
  0.1     0.908     1.000     0.505     0.510     0.520     0.520
 0.25     0.970     0.996     0.515     0.509     0.520     0.520
  0.5     0.990     0.998     0.527     0.509     0.510     0.520
 0.75     0.993     1.000     0.538     0.510     0.523     0.520
    1     0.988     1.000     0.559     0.509     0.528     0.520
  1.5     0.995     1.000     0.718     0.508     0.608     0.520
    2     0.994     1.000     0.835     0.506     0.723     0.520
    3     0.997     1.000     0.926     0.505     0.855     0.520
    5     0.991     1.000     0.981     0.502     0.962     0.519

-- paired: fraction of identical cases where the clean-trained net (one-shot) has the smaller error (seed mean; per seed in the JSON)
    r        MC      Adam        GN     GN x3     Huber  Huber x3
 0.05     0.757     1.000     0.504     0.505     0.524     0.524
  0.1     0.905     1.000     0.504     0.511     0.516     0.516
 0.25     0.970     0.996     0.504     0.508     0.521     0.523
  0.5     0.988     0.998     0.516     0.519     0.507     0.533
 0.75     0.995     1.000     0.512     0.481     0.516     0.519
    1     0.988     1.000     0.514     0.463     0.478     0.493
  1.5     0.994     1.000     0.472     0.274     0.352     0.308
    2     0.985     1.000     0.502     0.135     0.292     0.159
    3     0.978     1.000     0.490     0.022     0.261     0.029
    5     0.962     1.000     0.336     0.001     0.178     0.002

=== all data ===
-- median error (deg)
    r     n                   MC                 Adam                   GN                GN x3                Huber             Huber x3   net clean one-shot         net clean x3 net realistic one-shot     net realistic x3
 0.05  1000               0.0282               0.2689               0.2744               0.2844               0.1959               0.1956               0.2739               0.2775               0.0622               0.0652
  0.1  1000               0.0566               0.2458               0.2495               0.2627               0.1709               0.1724               0.2593               0.2626               0.0589               0.0626
 0.25  1000               0.1365               0.2007               0.2494               0.2579               0.1732               0.1772               0.2425               0.2511               0.0637               0.0644
  0.5  1000               0.2873               0.1867               0.2612               0.2705               0.1748               0.1767               0.2532               0.2640               0.0632               0.0654
 0.75  1000               0.4223               0.2760               0.2560               0.2659               0.1841               0.1895               0.2448               0.2613               0.0665               0.0646
    1  1000               0.5756               0.3731               0.2578               0.2802               0.1788               0.1863               0.2414               0.2658               0.0707               0.0664
  1.5  1000               1.0515               0.6127               0.3056               0.2891               0.1816               0.1883               0.2773               0.2715               0.0880               0.0613
    2  1000               1.6475               0.9112               0.4641               0.2897               0.1872               0.2063               0.4127               0.2804               0.1711               0.0720
    3  1000               2.4524               2.1992               1.1088               0.2939               0.2778               0.2178               1.1111               0.2910               1.0075               0.0789
    5   994               4.3802               4.8273               3.8028               0.8762               2.6393               0.2319               3.8512               0.7996               4.2442               1.9667

-- RMS error (deg)
    r     n                   MC                 Adam                   GN                GN x3                Huber             Huber x3   net clean one-shot         net clean x3 net realistic one-shot     net realistic x3
 0.05  1000               0.0339               0.3591               0.4714               0.4941               0.4058               0.4154               0.4358               0.4527               0.0996               0.1038
  0.1  1000               0.0684               0.3390               0.4718               0.4933               0.4040               0.4157               0.4364               0.4536               0.0972               0.1016
 0.25  1000               0.1674               0.2790               0.4660               0.4903               0.3976               0.4078               0.4301               0.4539               0.0984               0.1025
  0.5  1000               0.3412               0.2545               0.4669               0.4942               0.3953               0.4122               0.4287               0.4571               0.1000               0.1018
 0.75  1000               0.5374               0.3414               0.4599               0.4873               0.3865               0.4030               0.4176               0.4490               0.0969               0.1003
    1  1000               0.7851               0.4563               0.4656               0.4971               0.3911               0.4167               0.4215               0.4596               0.1043               0.0989
  1.5  1000               1.4078               0.7017               0.4707               0.4930               0.3762               0.4105               0.4176               0.4564               0.2060               0.1356
    2  1000               2.0013               1.0325               0.5634               0.5065               0.3690               0.4212               0.5424               0.4648               0.5447               0.2723
    3  1000               3.0261               2.2952               1.2185               0.5106               0.4356               0.4271               1.2782               0.4823               1.5108               0.8793
    5   994               5.4268               4.8184               3.6952               1.7546               2.8319               0.9051               3.7736               2.1522               4.2289               3.3282

-- fraction of cases < 0.1 deg
    r     n                   MC                 Adam                   GN                GN x3                Huber             Huber x3   net clean one-shot         net clean x3 net realistic one-shot     net realistic x3
 0.05  1000                1.000                0.126                0.289                0.277                0.394                0.393                0.244                0.234                0.679                0.655
  0.1  1000                0.877                0.143                0.313                0.299                0.429                0.428                0.242                0.230                0.683                0.672
 0.25  1000                0.312                0.163                0.297                0.299                0.412                0.406                0.248                0.243                0.677                0.657
  0.5  1000                0.104                0.157                0.268                0.270                0.406                0.411                0.254                0.217                0.679                0.668
 0.75  1000                0.064                0.085                0.276                0.290                0.404                0.406                0.242                0.231                0.670                0.665
    1  1000                0.042                0.056                0.240                0.288                0.405                0.406                0.220                0.241                0.658                0.663
  1.5  1000                0.038                0.000                0.098                0.289                0.407                0.402                0.132                0.235                0.558                0.687
    2  1000                0.024                0.000                0.023                0.272                0.360                0.388                0.045                0.210                0.273                0.633
    3  1000                0.023                0.000                0.004                0.267                0.157                0.378                0.006                0.215                0.021                0.581
    5   994                0.022                0.000                0.000                0.091                0.000                0.352                0.000                0.096                0.000                0.240

-- fraction improved (error < r)
    r     n                   MC                 Adam                   GN                GN x3                Huber             Huber x3   net clean one-shot         net clean x3 net realistic one-shot     net realistic x3
 0.05  1000                0.881                0.022                0.155                0.143                0.301                0.305                0.082                0.082                0.433                0.434
  0.1  1000                0.877                0.143                0.313                0.299                0.429                0.428                0.242                0.230                0.683                0.672
 0.25  1000                0.880                0.628                0.500                0.489                0.591                0.590                0.506                0.498                0.991                0.987
  0.5  1000                0.876                0.963                0.707                0.699                0.805                0.795                0.737                0.722                1.000                1.000
 0.75  1000                0.862                0.997                0.890                0.871                0.938                0.933                0.928                0.901                1.000                1.000
    1  1000                0.802                0.997                0.961                0.953                0.984                0.977                0.974                0.965                1.000                1.000
  1.5  1000                0.682                0.998                0.998                0.996                0.996                0.993                0.998                0.998                0.998                0.999
    2  1000                0.633                0.999                1.000                1.000                1.000                1.000                1.000                1.000                0.990                0.994
    3  1000                0.614                0.953                1.000                1.000                1.000                1.000                0.998                1.000                0.965                0.968
    5   994                0.585                0.729                0.992                0.987                0.994                0.993                0.959                0.960                0.811                0.822

-- median runtime per case (s), data preparation excluded (GN x3: cumulative)
    r        MC      Adam        GN     GN x3     Huber  Huber x3
 0.05     2.379     0.299     0.009     0.026     0.037     0.088
  0.1     2.383     0.302     0.009     0.026     0.036     0.089
 0.25     2.389     0.304     0.009     0.026     0.037     0.090
  0.5     2.382     0.303     0.009     0.026     0.038     0.093
 0.75     2.381     0.302     0.009     0.027     0.038     0.094
    1     2.386     0.304     0.009     0.027     0.039     0.097
  1.5     2.378     0.304     0.009     0.027     0.040     0.102
    2     2.427     0.308     0.009     0.028     0.043     0.108
    3     2.446     0.308     0.010     0.030     0.046     0.114
    5     2.463     0.310     0.010     0.031     0.047     0.131

-- paired: fraction of identical cases where the realistic-trained net (x3) has the smaller error (seed mean; per seed in the JSON)
    r        MC      Adam        GN     GN x3     Huber  Huber x3
 0.05     0.263     0.948     0.946     0.950     0.818     0.816
  0.1     0.453     0.951     0.934     0.943     0.808     0.806
 0.25     0.762     0.936     0.931     0.934     0.798     0.796
  0.5     0.907     0.899     0.944     0.960     0.805     0.804
 0.75     0.946     0.936     0.962     0.940     0.813     0.805
    1     0.964     0.956     0.966     0.942     0.812     0.798
  1.5     0.971     0.992     0.973     0.943     0.849     0.797
    2     0.969     0.986     0.974     0.934     0.873     0.792
    3     0.937     0.943     0.920     0.854     0.863     0.716
    5     0.701     0.807     0.686     0.429     0.588     0.263

-- paired: fraction of identical cases where the realistic-trained net (one-shot) has the smaller error (seed mean; per seed in the JSON)
    r        MC      Adam        GN     GN x3     Huber  Huber x3
 0.05     0.271     0.953     0.953     0.952     0.830     0.833
  0.1     0.466     0.950     0.939     0.941     0.808     0.810
 0.25     0.762     0.941     0.936     0.934     0.798     0.799
  0.5     0.908     0.891     0.948     0.953     0.778     0.782
 0.75     0.946     0.948     0.950     0.914     0.761     0.758
    1     0.965     0.956     0.948     0.898     0.746     0.750
  1.5     0.952     0.954     0.915     0.800     0.663     0.645
    2     0.897     0.879     0.776     0.570     0.467     0.441
    3     0.758     0.810     0.516     0.190     0.145     0.142
    5     0.527     0.749     0.286     0.037     0.113     0.008

-- paired: fraction of identical cases where the clean-trained net (x3) has the smaller error (seed mean; per seed in the JSON)
    r        MC      Adam        GN     GN x3     Huber  Huber x3
 0.05     0.032     0.480     0.438     0.520     0.215     0.228
  0.1     0.116     0.427     0.432     0.500     0.205     0.221
 0.25     0.304     0.388     0.456     0.520     0.209     0.222
  0.5     0.503     0.397     0.463     0.519     0.193     0.207
 0.75     0.623     0.510     0.473     0.502     0.213     0.224
    1     0.730     0.599     0.524     0.525     0.191     0.226
  1.5     0.847     0.768     0.630     0.510     0.209     0.223
    2     0.881     0.938     0.770     0.516     0.249     0.234
    3     0.923     1.000     0.923     0.544     0.522     0.247
    5     0.810     0.954     0.940     0.466     0.823     0.144

-- paired: fraction of identical cases where the clean-trained net (one-shot) has the smaller error (seed mean; per seed in the JSON)
    r        MC      Adam        GN     GN x3     Huber  Huber x3
 0.05     0.033     0.492     0.475     0.553     0.238     0.251
  0.1     0.127     0.441     0.466     0.538     0.225     0.243
 0.25     0.314     0.400     0.503     0.572     0.252     0.265
  0.5     0.516     0.418     0.553     0.617     0.244     0.263
 0.75     0.653     0.526     0.562     0.592     0.263     0.296
    1     0.750     0.628     0.592     0.588     0.261     0.300
  1.5     0.860     0.773     0.621     0.499     0.263     0.309
    2     0.855     0.885     0.577     0.360     0.195     0.240
    3     0.766     0.931     0.480     0.131     0.063     0.093
    5     0.591     0.890     0.443     0.018     0.082     0.010


image cost at the true orientation (median over cases): {"clean_mc_quality_at_truth_median": 0.9330846071243286, "clean_adam_quality_at_truth_median": 0.6621090769767761, "all_mc_quality_at_truth_median": 0.7625948190689087, "all_adam_quality_at_truth_median": 0.6645323038101196}
